-- Kia Niro --
input = [1580 427 141 3.8 3.8 3.9 18000 2 1 162 11.5 54575 2 0]

-- Seat Ateca --
input = [800 510 115 5.1 6.2 4.5 19000 1 0 183 10.7 30570 4 0]

-- VW Golf --
input = [1781 330 150 7.9 10.7 6.2 4900 1 0 216 8.5 165667 0 0]

-- Fiat Panda --
input = [1242 225 69 5.2 6.7 4.3 6990 1 0 164 14.2 148160 4 0]

-- MASERATI Levante --
input = [2979 580 350 12 15.8 9.8 98000 1 1 251 6 30000 4 2]
 
-- PEUGEOT Partner Tepee Outdoor -- 
input = [1560 675 92 8.3 9.1 7.6 9700 0 0 165 14.3 114000 3 0]

-- PEUGEOT 206 1.4 --
input = [1360 245 90 6.5 8.5 5.3 2990 1 0 178 12.2 128000 4 0]

-- TOYOTA Yaris Hybrid --
input = [1490 270 116 3.8 3.3 3.6 18000 2 1 175 9.7 160000 2 0]

-- Tesla Model 3 --
input = [2200 542 351 0 0 0 52390 3 1 233 4.4 17000 1 2]

-- SEAT Ibiza SC 1.4 TSI Cupra --
input = [1390 284 180 5.9 7.5 5.1 10500 1 0 228 6.9 170000 4 0]



-- Todos juntos --
input = [1580 427 141 3.8 3.8 3.9 18000 2 1 162 11.5 54575 2 0; 
800 510 115 5.1 6.2 4.5 19000 1 0 183 10.7 30570 4 0; 
1781 330 150 7.9 10.7 6.2 4900 1 0 216 8.5 165667 0 0; 
1242 225 69 5.2 6.7 4.3 6990 1 0 164 14.2 148160 4 0; 
2979 580 350 12 15.8 9.8 98000 1 1 251 6 30000 4 2; 
1560 675 92 8.3 9.1 7.6 9700 0 0 165 14.3 114000 3 0; 
1360 245 90 6.5 8.5 5.3 2990 1 0 178 12.2 128000 4 0; 
1490 270 116 3.8 3.3 3.6 18000 2 1 175 9.7 160000 2 0; 
2200 542 351 0 0 0 52390 3 1 233 4.4 17000 1 2; 
1390 284 180 5.9 7.5 5.1 10500 1 0 228 6.9 170000 4 0]